Variant1
    1    2    3    4    5
   10    9    8    7    6
   11   12   13   14   15
   20   19   18   17   16
   21   22   23   24   25

Variant2
    1   10   11   20   21
    2    9   12   19   22
    3    8   13   18   23
    4    7   14   17   24
    5    6   15   16   25


*************************************************************************
This project is created by students of 
group IP-01.
Developers:
Zaranik B
Kovalenko N
Kapshuk M
Adamchuk A
Adamchuk I
Zelenskii A
Kornienko V
 